0,470
0,469
33,6
33,5
34,35
0,273
0,270
3,2
10,276
10,266
10,226
10,232
10,32
10,182
10,200
10,78
10,2
10,3
11,9
11,15
11,27
11,6
11,16
11,12
11,4
11,2
11,3
9,7
9,6
9,1
9,4
9,2
9,3
8,5
8,7
8,4
8,16
8,14
8,2
8,3
12,2
12,1
12,3
20,2
20,1
20,3
19,2
19,1
19,3
33,4
33,3
33,2
33,1
33,0
32,5
32,4
32,3
32,2
32,1
32,0
31,3
31,2
31,1
31,0
11,1
11,30
10,317
10,316
10,315
10,314
10,313
10,312
18,1
10,311
18,3
10,310
10,309
10,308
10,307
10,306
10,305
10,304
14,1
10,303
14,3
10,302
10,301
13,1
10,1
13,3
10,300
8,18
8,1
8,17
3,1
3,3
0,549
